              precision    recall  f1-score   support

           1       0.49      0.48      0.49       250
           2       0.95      0.97      0.96       250
           3       1.00      0.99      0.99       250
           4       1.00      1.00      1.00       250
           5       1.00      1.00      1.00       250
           6       1.00      1.00      1.00       250
           7       0.99      1.00      0.99       250
           8       0.99      1.00      0.99       250
           9       0.99      0.99      0.99       250
          10       1.00      1.00      1.00       250
          11       1.00      0.99      1.00       250
          12       0.99      0.98      0.99       250
          13       0.99      0.99      0.99       250
          14       1.00      1.00      1.00       250
          15       0.99      0.98      0.99       250
          16       0.99      0.99      0.99       250
          17       1.00      1.00      1.00       250
          18       1.00      0.99      0.99       250
          19       0.84      0.86      0.85       250
          20       0.98      1.00      0.99       250
          21       1.00      1.00      1.00       250
          22       0.98      1.00      0.99       250
          23       1.00      0.99      0.99       250
          24       0.99      1.00      1.00       250
          25       0.49      0.48      0.49       250
          26       0.99      1.00      0.99       250
          27       1.00      1.00      1.00       250
          28       0.99      1.00      0.99       250
          29       0.97      0.99      0.98       250
          30       1.00      0.97      0.98       250
          31       1.00      0.96      0.98       250
          32       0.99      1.00      0.99       250
          33       1.00      1.00      1.00       250
          34       1.00      1.00      1.00       250
          35       0.98      1.00      0.99       250
          36       0.93      0.96      0.94       250
          37       0.99      0.99      0.99       250
          38       1.00      0.99      0.99       250
          39       0.99      1.00      0.99       250
          40       1.00      1.00      1.00       250
          41       1.00      1.00      1.00       250
          42       0.99      0.97      0.98       250
          43       0.96      0.96      0.96       250
          44       1.00      1.00      1.00       250
          45       0.96      0.97      0.97       250
          46       1.00      0.99      0.99       250
          47       1.00      1.00      1.00       250
          48       0.86      0.84      0.85       250
          49       1.00      1.00      1.00       250
          50       1.00      1.00      1.00       250
          51       0.97      1.00      0.98       250
          52       0.99      1.00      0.99       250
          53       0.96      0.95      0.95       250
          54       1.00      1.00      1.00       250
          55       0.99      0.97      0.98       250
          56       0.98      0.98      0.98       250
          57       0.98      1.00      0.99       250
          58       1.00      1.00      1.00       250
          59       1.00      1.00      1.00       250
          60       1.00      1.00      1.00       250
          61       1.00      0.99      1.00       250
          62       0.94      0.92      0.93       250

    accuracy                           0.97     15500
   macro avg       0.97      0.97      0.97     15500
weighted avg       0.97      0.97      0.97     15500

	Time: 64.89