00001.png;1301;405;1575;581
00002.png;1148;459;1251;514
00002.png;1251;463;1396;519
00002.png;1145;512;1395;635
00003.png;1224;494;1424;611
00003.png;1321;458;1423;509
00003.png;1231;451;1322;501
00004.png;967;165;1091;221
00004.png;850;220;1092;368
00004.png;850;167;967;222
00005.png;1296;367;1707;561
00005.png;1491;292;1709;372
00005.png;1300;282;1486;364
00006.png;1267;336;1545;504
00006.png;1390;278;1540;340
00006.png;1272;274;1388;335
00007.png;1269;374;1526;550
00008.png;1334;218;1661;379
00008.png;1329;369;1659;544
00009.png;641;127;1089;363
00009.png;647;35;853;125
00009.png;858;41;1090;133
00010.png;1098;539;1194;585
00010.png;1193;535;1314;582
00010.png;1100;578;1319;680
00011.png;745;348;1005;495
00011.png;756;293;876;356
00011.png;874;307;1010;371
00012.png;1120;454;1470;701
00012.png;1290;401;1473;487
00012.png;1140;381;1290;465
00013.png;830;160;1010;231
00013.png;578;155;795;407
00013.png;830;231;1012;410
00014.png;619;157;951;434
00015.png;738;385;914;552
00016.png;1213;376;1575;532
00016.png;1390;306;1572;381
00016.png;1213;299;1386;375
00017.png;1195;348;1548;539
00018.png;512;80;801;348
00019.png;1236;342;1617;531
00019.png;1246;267;1418;343
00019.png;1426;278;1619;351
